version https://git-lfs.github.com/spec/v1
oid sha256:1b5e029ad8a55faeb1cc257e98bca9e4a10a05b783c8035b2d6ba6cea1deb294
size 448
